1579238938
789619469
1926108888
963054444
481527222
240763611
722290834
361145417
1083436252
541718126
270859063
812577190
406288595
1218865786
609432893
1828298680
914149340
457074670
228537335
685612006
342806003
1028418010
514209005
1542627016
771313508
385656754
192828377
578485132
289242566
144621283
433863850
216931925
650795776
325397888
162698944
81349472
40674736
20337368
10168684
5084342
2542171
7626514
3813257
11439772
5719886
2859943
8579830
4289915
12869746
6434873
19304620
9652310
4826155
14478466
7239233
21717700
10858850
5429425
16288276
8144138
4072069
12216208
6108104
3054052
1527026
763513
2290540
1145270
572635
1717906
858953
2576860
1288430
644215
1932646
966323
2898970
1449485
4348456
2174228
1087114
543557
1630672
815336
407668
203834
101917
305752
152876
76438
38219
114658
57329
171988
85994
42997
128992
64496
32248
16124
8062
4031
12094
6047
18142
9071
27214
13607
40822
20411
61234
30617
91852
45926
22963
68890
34445
103336
51668
25834
12917
38752
19376
9688
4844
2422
1211
3634
1817
5452
2726
1363
4090
2045
6136
3068
1534
767
2302
1151
3454
1727
5182
2591
7774
3887
11662
5831
17494
8747
26242
13121
39364
19682
9841
29524
14762
7381
22144
11072
5536
2768
1384
692
346
173
520
260
130
65
196
98
49
148
74
37
112
56
28
14
7
22
11
34
17
52
26
13
40
20
10
5
16
8
4
2
1
