1961633964
980816982
490408491
1471225474
735612737
2088129084
1044064542
522032271
1566096814
783048407
1945822074
972911037
1376234184
688117092
344058546
172029273
516087820
258043910
129021955
387065866
193532933
580598800
290299400
145149700
72574850
36287425
108862276
54431138
27215569
81646708
40823354
20411677
61235032
30617516
15308758
7654379
22963138
11481569
34444708
17222354
8611177
25833532
12916766
6458383
19375150
9687575
29062726
14531363
43594090
21797045
65391136
32695568
16347784
8173892
4086946
2043473
6130420
3065210
1532605
4597816
2298908
1149454
574727
1724182
862091
2586274
1293137
3879412
1939706
969853
2909560
1454780
727390
363695
1091086
545543
1636630
818315
2454946
1227473
3682420
1841210
920605
2761816
1380908
690454
345227
1035682
517841
1553524
776762
388381
1165144
582572
291286
145643
436930
218465
655396
327698
163849
491548
245774
122887
368662
184331
552994
276497
829492
414746
207373
622120
311060
155530
77765
233296
116648
58324
29162
14581
43744
21872
10936
5468
2734
1367
4102
2051
6154
3077
9232
4616
2308
1154
577
1732
866
433
1300
650
325
976
488
244
122
61
184
92
46
23
70
35
106
53
160
80
40
20
10
5
16
8
4
2
1
